!!1: 2 0 2
2: 1 0.3333333333333333 4
3: 1 0.6666666666666666 6
4: 2 1 8
5: 1 1.3333333333333333 10
6: 1 1.6666666666666667 12
!!7: 2 2 14
8: 1 2.3333333333333335 16
9: 1 2.6666666666666665 18
10: 2 3 20
11: 1 3.3333333333333335 22
12: 1 3.6666666666666665 24
!!13: 2 4 26
14: 1 4.333333333333333 28
15: 1 4.666666666666667 30
16: 2 5 32
17: 1 5.333333333333333 34
18: 1 5.666666666666667 36
!!19: 2 6 38
20: 1 6.333333333333333 40
21: 1 6.666666666666667 42
22: 2 7 44
23: 1 7.333333333333333 46
24: 1 7.666666666666667 48
!!25: 2 8 50
26: 1 8.333333333333334 52
27: 1 8.666666666666666 54
28: 2 9 56
29: 1 9.333333333333334 58
30: 1 9.666666666666666 60
!!31: 2 10 62
32: 1 10.333333333333334 64
33: 1 10.666666666666666 66
34: 2 11 68
35: 1 11.333333333333334 70
36: 1 11.666666666666666 72
!!37: 2 12 74
38: 1 12.333333333333334 76
39: 1 12.666666666666666 78
40: 2 13 80
41: 1 13.333333333333334 82
42: 1 13.666666666666666 84
!!43: 2 14 86
44: 1 14.333333333333334 88
45: 1 14.666666666666666 90
46: 2 15 92
47: 1 15.333333333333334 94
48: 1 15.666666666666666 96
!!49: 2 16 98
50: 1 16.333333333333332 100
51: 1 16.666666666666668 102
52: 2 17 104
53: 1 17.333333333333332 106
54: 1 17.666666666666668 108
!!55: 2 18 110
56: 1 18.333333333333332 112
57: 1 18.666666666666668 114
58: 2 19 116
59: 1 19.333333333333332 118
60: 1 19.666666666666668 120
!!61: 2 20 122
62: 1 20.333333333333332 124
63: 1 20.666666666666668 126
64: 2 21 128
65: 1 21.333333333333332 130
66: 1 21.666666666666668 132
67: 2 22 134
68: 1 22.333333333333332 136
69: 1 22.666666666666668 138
70: 2 23 140
71: 1 23.333333333333332 142
72: 1 23.666666666666668 144
73: 2 24 146
74: 1 24.333333333333332 148
75: 1 24.666666666666668 150
76: 2 25 152
77: 1 25.333333333333332 154
78: 1 25.666666666666668 156
79: 2 26 158
80: 1 26.333333333333332 160
81: 1 26.666666666666668 162
82: 2 27 164
83: 1 27.333333333333332 166
84: 1 27.666666666666668 168
85: 2 28 170
86: 1 28.333333333333332 172
87: 1 28.666666666666668 174
88: 2 29 176
89: 1 29.333333333333332 178
90: 1 29.666666666666668 180
91: 2 30 182
92: 1 30.333333333333332 184
93: 1 30.666666666666668 186
94: 2 31 188
95: 1 31.333333333333332 190
96: 1 31.666666666666668 192
97: 2 32 194
98: 1 32.333333333333336 196
99: 1 32.666666666666664 198
100: 2 33 200
101: 1 33.333333333333336 202
102: 1 33.666666666666664 204
103: 2 34 206
104: 1 34.333333333333336 208
105: 1 34.666666666666664 210
106: 2 35 212
107: 1 35.333333333333336 214
108: 1 35.666666666666664 216
109: 2 36 218
110: 1 36.333333333333336 220
111: 1 36.666666666666664 222
112: 2 37 224
113: 1 37.333333333333336 226
114: 1 37.666666666666664 228
115: 2 38 230
116: 1 38.333333333333336 232
117: 1 38.666666666666664 234
118: 2 39 236
119: 1 39.333333333333336 238
120: 1 39.666666666666664 240
121: 2 40 242
122: 1 40.333333333333336 244
123: 1 40.666666666666664 246
124: 2 41 248
125: 1 41.333333333333336 250
126: 1 41.666666666666664 252
127: 2 42 254
128: 1 42.333333333333336 256
129: 1 42.666666666666664 258
130: 2 43 260
131: 1 43.333333333333336 262
132: 1 43.666666666666664 264
133: 2 44 266
134: 1 44.333333333333336 268
135: 1 44.666666666666664 270
136: 2 45 272
137: 1 45.333333333333336 274
138: 1 45.666666666666664 276
139: 2 46 278
140: 1 46.333333333333336 280
141: 1 46.666666666666664 282
142: 2 47 284
143: 1 47.333333333333336 286
144: 1 47.666666666666664 288
145: 2 48 290
146: 1 48.333333333333336 292
147: 1 48.666666666666664 294
148: 2 49 296
149: 1 49.333333333333336 298
150: 1 49.666666666666664 300
151: 2 50 302
152: 1 50.333333333333336 304
153: 1 50.666666666666664 306
154: 2 51 308
155: 1 51.333333333333336 310
156: 1 51.666666666666664 312
157: 2 52 314
158: 1 52.333333333333336 316
159: 1 52.666666666666664 318
160: 2 53 320
161: 1 53.333333333333336 322
162: 1 53.666666666666664 324
163: 2 54 326
164: 1 54.333333333333336 328
165: 1 54.666666666666664 330
166: 2 55 332
167: 1 55.333333333333336 334
168: 1 55.666666666666664 336
169: 2 56 338
170: 1 56.333333333333336 340
171: 1 56.666666666666664 342
172: 2 57 344
173: 1 57.333333333333336 346
174: 1 57.666666666666664 348
175: 2 58 350
176: 1 58.333333333333336 352
177: 1 58.666666666666664 354
178: 2 59 356
179: 1 59.333333333333336 358
180: 1 59.666666666666664 360
181: 2 60 362
182: 1 60.333333333333336 364
183: 1 60.666666666666664 366
184: 2 61 368
185: 1 61.333333333333336 370
186: 1 61.666666666666664 372
187: 2 62 374
188: 1 62.333333333333336 376
189: 1 62.666666666666664 378
190: 2 63 380
191: 1 63.333333333333336 382
192: 1 63.666666666666664 384
193: 2 64 386
194: 1 64.33333333333333 388
195: 1 64.66666666666667 390
196: 2 65 392
197: 1 65.33333333333333 394
198: 1 65.66666666666667 396
199: 2 66 398
200: 1 66.33333333333333 400
201: 1 66.66666666666667 402
202: 2 67 404
203: 1 67.33333333333333 406
204: 1 67.66666666666667 408
205: 2 68 410
206: 1 68.33333333333333 412
207: 1 68.66666666666667 414
208: 2 69 416
209: 1 69.33333333333333 418
210: 1 69.66666666666667 420
211: 2 70 422
212: 1 70.33333333333333 424
213: 1 70.66666666666667 426
214: 2 71 428
215: 1 71.33333333333333 430
216: 1 71.66666666666667 432
217: 2 72 434
218: 1 72.33333333333333 436
219: 1 72.66666666666667 438
220: 2 73 440
221: 1 73.33333333333333 442
222: 1 73.66666666666667 444
223: 2 74 446
224: 1 74.33333333333333 448
225: 1 74.66666666666667 450
226: 2 75 452
227: 1 75.33333333333333 454
228: 1 75.66666666666667 456
229: 2 76 458
230: 1 76.33333333333333 460
231: 1 76.66666666666667 462
232: 2 77 464
233: 1 77.33333333333333 466
234: 1 77.66666666666667 468
235: 2 78 470
236: 1 78.33333333333333 472
237: 1 78.66666666666667 474
238: 2 79 476
239: 1 79.33333333333333 478
240: 1 79.66666666666667 480
241: 2 80 482
242: 1 80.33333333333333 484
243: 1 80.66666666666667 486
244: 2 81 488
245: 1 81.33333333333333 490
246: 1 81.66666666666667 492
247: 2 82 494
248: 1 82.33333333333333 496
249: 1 82.66666666666667 498
250: 2 83 500
251: 1 83.33333333333333 502
252: 1 83.66666666666667 504
253: 2 84 506
254: 1 84.33333333333333 508
255: 1 84.66666666666667 510
256: 2 85 512
257: 1 85.33333333333333 514
258: 1 85.66666666666667 516
259: 2 86 518
260: 1 86.33333333333333 520
261: 1 86.66666666666667 522
262: 2 87 524
263: 1 87.33333333333333 526
264: 1 87.66666666666667 528
265: 2 88 530
266: 1 88.33333333333333 532
267: 1 88.66666666666667 534
268: 2 89 536
269: 1 89.33333333333333 538
270: 1 89.66666666666667 540
271: 2 90 542
272: 1 90.33333333333333 544
273: 1 90.66666666666667 546
274: 2 91 548
275: 1 91.33333333333333 550
276: 1 91.66666666666667 552
277: 2 92 554
278: 1 92.33333333333333 556
279: 1 92.66666666666667 558
280: 2 93 560
281: 1 93.33333333333333 562
282: 1 93.66666666666667 564
283: 2 94 566
284: 1 94.33333333333333 568
285: 1 94.66666666666667 570
286: 2 95 572
287: 1 95.33333333333333 574
288: 1 95.66666666666667 576
289: 2 96 578
290: 1 96.33333333333333 580
291: 1 96.66666666666667 582
292: 2 97 584
293: 1 97.33333333333333 586
294: 1 97.66666666666667 588
295: 2 98 590
296: 1 98.33333333333333 592
297: 1 98.66666666666667 594
298: 2 99 596
299: 1 99.33333333333333 598
300: 1 99.66666666666667 600
301: 2 100 602
302: 1 100.33333333333333 604
303: 1 100.66666666666667 606
304: 2 101 608
305: 1 101.33333333333333 610
306: 1 101.66666666666667 612
307: 2 102 614
308: 1 102.33333333333333 616
309: 1 102.66666666666667 618
310: 2 103 620
311: 1 103.33333333333333 622
312: 1 103.66666666666667 624
313: 2 104 626
314: 1 104.33333333333333 628
315: 1 104.66666666666667 630
316: 2 105 632
317: 1 105.33333333333333 634
318: 1 105.66666666666667 636
319: 2 106 638
320: 1 106.33333333333333 640
321: 1 106.66666666666667 642
322: 2 107 644
323: 1 107.33333333333333 646
324: 1 107.66666666666667 648
325: 2 108 650
326: 1 108.33333333333333 652
327: 1 108.66666666666667 654
328: 2 109 656
329: 1 109.33333333333333 658
330: 1 109.66666666666667 660
331: 2 110 662
332: 1 110.33333333333333 664
333: 1 110.66666666666667 666
334: 2 111 668
335: 1 111.33333333333333 670
336: 1 111.66666666666667 672
337: 2 112 674
338: 1 112.33333333333333 676
339: 1 112.66666666666667 678
340: 2 113 680
341: 1 113.33333333333333 682
342: 1 113.66666666666667 684
343: 2 114 686
344: 1 114.33333333333333 688
345: 1 114.66666666666667 690
346: 2 115 692
347: 1 115.33333333333333 694
348: 1 115.66666666666667 696
349: 2 116 698
350: 1 116.33333333333333 700
351: 1 116.66666666666667 702
352: 2 117 704
353: 1 117.33333333333333 706
354: 1 117.66666666666667 708
355: 2 118 710
356: 1 118.33333333333333 712
357: 1 118.66666666666667 714
358: 2 119 716
359: 1 119.33333333333333 718
360: 1 119.66666666666667 720
361: 2 120 722
362: 1 120.33333333333333 724
363: 1 120.66666666666667 726
364: 2 121 728
365: 1 121.33333333333333 730
366: 1 121.66666666666667 732
367: 2 122 734
368: 1 122.33333333333333 736
369: 1 122.66666666666667 738
370: 2 123 740
371: 1 123.33333333333333 742
372: 1 123.66666666666667 744
373: 2 124 746
374: 1 124.33333333333333 748
375: 1 124.66666666666667 750
376: 2 125 752
377: 1 125.33333333333333 754
378: 1 125.66666666666667 756
379: 2 126 758
380: 1 126.33333333333333 760
381: 1 126.66666666666667 762
382: 2 127 764
383: 1 127.33333333333333 766
384: 1 127.66666666666667 768
385: 2 128 770
386: 1 128.33333333333334 772
387: 1 128.66666666666666 774
388: 2 129 776
389: 1 129.33333333333334 778
390: 1 129.66666666666666 780
391: 2 130 782
392: 1 130.33333333333334 784
393: 1 130.66666666666666 786
394: 2 131 788
395: 1 131.33333333333334 790
396: 1 131.66666666666666 792
397: 2 132 794
398: 1 132.33333333333334 796
399: 1 132.66666666666666 798
400: 2 133 800
401: 1 133.33333333333334 802
402: 1 133.66666666666666 804
403: 2 134 806
404: 1 134.33333333333334 808
405: 1 134.66666666666666 810
406: 2 135 812
407: 1 135.33333333333334 814
408: 1 135.66666666666666 816
409: 2 136 818
410: 1 136.33333333333334 820
411: 1 136.66666666666666 822
412: 2 137 824
413: 1 137.33333333333334 826
414: 1 137.66666666666666 828
415: 2 138 830
416: 1 138.33333333333334 832
417: 1 138.66666666666666 834
418: 2 139 836
419: 1 139.33333333333334 838
420: 1 139.66666666666666 840
421: 2 140 842
422: 1 140.33333333333334 844
423: 1 140.66666666666666 846
424: 2 141 848
425: 1 141.33333333333334 850
426: 1 141.66666666666666 852
427: 2 142 854
428: 1 142.33333333333334 856
429: 1 142.66666666666666 858
430: 2 143 860
431: 1 143.33333333333334 862
432: 1 143.66666666666666 864
433: 2 144 866
434: 1 144.33333333333334 868
435: 1 144.66666666666666 870
436: 2 145 872
437: 1 145.33333333333334 874
438: 1 145.66666666666666 876
439: 2 146 878
440: 1 146.33333333333334 880
441: 1 146.66666666666666 882
442: 2 147 884
443: 1 147.33333333333334 886
444: 1 147.66666666666666 888
445: 2 148 890
446: 1 148.33333333333334 892
447: 1 148.66666666666666 894
448: 2 149 896
449: 1 149.33333333333334 898
450: 1 149.66666666666666 900
451: 2 150 902
452: 1 150.33333333333334 904
453: 1 150.66666666666666 906
454: 2 151 908
455: 1 151.33333333333334 910
456: 1 151.66666666666666 912
457: 2 152 914
458: 1 152.33333333333334 916
459: 1 152.66666666666666 918
460: 2 153 920
461: 1 153.33333333333334 922
462: 1 153.66666666666666 924
463: 2 154 926
464: 1 154.33333333333334 928
465: 1 154.66666666666666 930
466: 2 155 932
467: 1 155.33333333333334 934
468: 1 155.66666666666666 936
469: 2 156 938
470: 1 156.33333333333334 940
471: 1 156.66666666666666 942
472: 2 157 944
473: 1 157.33333333333334 946
474: 1 157.66666666666666 948
475: 2 158 950
476: 1 158.33333333333334 952
477: 1 158.66666666666666 954
478: 2 159 956
479: 1 159.33333333333334 958
480: 1 159.66666666666666 960
481: 2 160 962
482: 1 160.33333333333334 964
483: 1 160.66666666666666 966
484: 2 161 968
485: 1 161.33333333333334 970
486: 1 161.66666666666666 972
487: 2 162 974
488: 1 162.33333333333334 976
489: 1 162.66666666666666 978
490: 2 163 980
491: 1 163.33333333333334 982
492: 1 163.66666666666666 984
493: 2 164 986
494: 1 164.33333333333334 988
495: 1 164.66666666666666 990
496: 2 165 992
497: 1 165.33333333333334 994
498: 1 165.66666666666666 996
499: 2 166 998
500: 1 166.33333333333334 1000
501: 1 166.66666666666666 1002
502: 2 167 1004
503: 1 167.33333333333334 1006
504: 1 167.66666666666666 1008
505: 2 168 1010
506: 1 168.33333333333334 1012
507: 1 168.66666666666666 1014
508: 2 169 1016
509: 1 169.33333333333334 1018
510: 1 169.66666666666666 1020
511: 2 170 1022
512: 1 170.33333333333334 1024
Ones: 341
Twos: 171
